32 918
32 806
32 205
32 900
32 437
32 406
32 302
32 250
32 88
32 525
32 167
32 352
32 34
32 55
32 995
32 353
32 647
32 89
32 65
32 733
32 372
32 349
32 625
32 121
32 186
32 25
32 418
32 789
32 307
32 518
32 14
32 303
32 721
32 994
32 580
32 452
32 844
32 848
32 403
32 431
32 954
32 285
32 347
32 236
32 904
32 176
32 184
32 196
32 881
32 241
32 570
32 937
32 551
32 523
32 311
32 243
32 794
32 279
32 780
32 195
32 185
32 68
32 78
32 542
32 480
32 553
32 593
32 24
32 569
32 425
32 489
32 299
32 665
32 976
32 268
32 263
32 459
32 554
32 79
32 412
32 61
32 12
32 618
32 188
32 776
32 603
32 182
32 396
32 152
32 916
32 755
32 700
32 623
32 119
32 849
32 883
32 871
32 587
32 135
32 399